71670797915262900
70216271991554000
69391082387021800
69391370112077800
69138362488983500
69142500849356800
70229746918768600
70514715880722400
70219576864030700
70221865637003200
70222651653763000
70582946838482900
70584827753140200
70644360009617400
70632528708501500
70641427629096900
70588918092922800
70589833877270500
70589271702126500
71314449407016900
71310002610118600
71311623264022500
71315953102749600
71313847360823200
71313439708028900
71509455723970500
71551622479753200
71623266862768100
71310344550760400
71522992399720400
71579721300836300
71306099340480500
71309947320807400
71309673374023600
71311392757657600
71309726788489200
71611105847414700
71311704360894400
71916578014380000
71992404781187000
71672983621607400
71909633098399700
70585797404921800
71308237600858100
71311865690591200
71557168675033000
71560514286780400
71927403777245100
71660030159630300
71681677885313000
71681519621636000
71563716235247600
69196392123473900
69208473082146800
69161623457234900
69299952324587500
69133311292866500
69162856519700400
69329353774870500
70559251461967800
70534319466217400
70415947843911600
70546516535812000
70438596397633500
70412964775202800
70472191464058800
70228465810546600
70857031971651500
70583982743494600
70584390719246300
70584673188843500
70578277709918200
70819164104822700
70822842761093100
70602798282186700
70874782266167200
70614337475186600
70656263935098800
70638600005492700
70659363064397800
70593334862823400
70870540340051900
70581385475264500
70583168520036300
70655591181332400
71599000658251700
71514149389209600
71303094968909800
71304398776700900
71304220896280500
72013109568610300
72000397560135600
71959552769273800
69203924497858500
69386761578627000
69154870577471400
69143067684384700
69187182929264600
69430896536715200
69179170743271400
69331460057866200
69135607460397000
69131910877679600
69182288361041900
69392298575790000
69385663946047400
69228244708245500
69197524690407400
69350827889926100
69139521706532800
69130442137280500
69162410128310200
69413362638921700
69189819514896300
69217200074006500
69469675951620000
69149590703702000
69450259264319400
69155408337584100
69124640110415800
69198664421220300
69376270806417400
69156162209189800
69161315230416800
69184753152172000
69206968748879800
69368062654164900
69394747197886400
69435500359979000
69201795221692400
69131735559966700
69189842415792100
69139204826873800
69473161086894000
69199601965596600
69363048103677900
69129757408759800
69134803731087300
69326988283871200
69380921412960200
69179213676163000
69178414736740300
69200689204695000
69204171760480200
69138025082396600
69131332227309500
69386544091365300
69161143838584800
69386553637601200
69161597507076000
69134801902370800
69347230494105600
69378471754870700
69469737658232800
69143410304495600
70484520515813300
70264675396362200
70277912980496300
70234114883719100
70477535351275500
70505236929839100
70246696080257000
70218403499081700
70249777404706800
70216734258376700
70458327569678300
70209161161486300
70538504672784300
70228682064662500
70226197610639300
70452081856749500
70224746146562000
70393364536754100
70517450843766700
70473484375040000
70477211290976200
70452099569291200
70521159459934200
70254923299827700
70254711097393100
70469145451442100
70466822926901200
70211830194257900
70229703830679500
70218799902769100
70556769113473000
70309972772270000
70474749641363400
70293418366087100
70536396724645800
70233804337463200
70428135753121700
70411698657431500
70215511128014800
70427698136223700
70270670210211800
70231887204982700
70454474375831500
70517411442462700
70447092652453800
70540215487447000
70217495906238400
70531280449703900
70530440020242400
70223004579270600
70208407432478700
70221983404670900
70265647342432200
70542755021078500
70489015765311400
70279756779765700
70524401652736000
70495871246147500
70507656091152300
70499352291971000
70304285589651400
70225496490778600
70473853087911900
70475145512353700
70435337184362400
70418771088642000
70236383272386500
70553936062464000
70419290062471100
70228747365777400
70475904601690100
70589731662082000
70677562703085500
70777991449423800
70814581110472700
70636361492865000
70638975316004800
70889369950617600
70654490507886500
70632148377403300
70799103063367600
70804561513807800
70568788025802700
70578667528519600
70588196769116100
70567982178373600
70580303474868200
70813154623492000
70877676533071800
70791008748711900
70578363772829600
70789073803022300
70913509923373000
70817800742109100
70577187224420300
70827345988157400
70584950595928000
70882640340848600
70778736965976000
70920998412746700
70804400272191400
70812390798802900
70830410438946800
70578721924464600
70863490394505200
70781566284083200
70805634974625700
70612525791707100
70612312653967300
70875905916014500
70805784744833000
70582437339594700
70597652873617400
70862851497132000
70579125206781900
70583902661644200
70778736823382000
70883734420852700
70612452215238600
70600178452799400
70828921372950500
70589454032699300
70584905804943300
70593031027429300
70610018256437200
70602450557612000
70583655579385800
70634890630135800
71300207761043400
71354051928915900
71331790824030200
71337201320984500
71516263947575200
71542280753922000
71339417977102300
71317473928024000
71304240466890700
71369857651843000
71607988472918000
71512166926270400
71347049269968800
71349507538952100
71336436128944100
71307391794298800
71643720340090800
71356414987206600
71570502216450000
71618038155329500
71496096085590000
71648238167523300
71497430058807200
71646501616631800
71633315853107200
71398697988132800
71580442830180300
71610602811957200
71553708323897300
71530434072297400
71630370998722500
71507976736870400
71403618129027000
71384390093127600
71651123970314200
71521080107470800
71527859709161400
71586103131512800
71577058228183000
71590062810341300
71354083704979400
71517126757842900
71605078997483500
71581226061938600
71582297282973600
71542905361276900
71542623218835400
71629539054321600
71453664816013300
71311715429650400
71528637173727200
71533797509832700
71493858193715200
71541208492675000
71643962942820300
71489631585177600
71589412315729900
71347954795036600
71314616357101500
71339114288513000
71498159993520100
71303783426179000
71347403286003700
71636333080223700
71361473603051500
71311588619063200
71308131640156100
71644007272431600
71308515397992400
71342956442955700
71531846743232500
71951248529694700
71686668272406500
71989445833932800
71954123595059200
71914471584563200
71988629140013000
72004511396409300
71914564190617600
71897018271936500
71922785076785100
71919384666443700
72000615831715800
72000951875158000
72009954344714200
72003779440025600
72012420540940200
72010643984752600
71926024681697200
72011063100579800
72012027891171300
71924899756769200
72012843800723400
71924360528658400
71922061479641000
71925508941680600
71959965316816800
71987510619807700
71916270190202800
71955757800763300
71987784952455100
72011517637296100
72009042402344900
71918302422773700
71963271447580600
71985375832317900
71952465553141700
71989710595174400
71677528774942700
71914502458851300
72012881704665000
71995657883353000
71909038601932800
71732194950918100
72010750046113700
72000724036358100
71899121971249100
71659696368525300
71908712696135600
71985225294548900
72001138685247400
71916472917696500
71902636533760000
71961611581132800
71923280998711200
71957652820865000
71882056178733000
71909247440531400
71897206482931700
72006588407353300
71947565955940300
71906524527738800
71896118887333800
71917076771651500
72013619881189300
71917586727698400
71904983980834800
71922741950943200
71930220558557100
71923654266597300
71925932604137400
71896479559720900
71683230885085100
71682420675592100
71682344557350900
71682331072663500
71682195793776600
71682170195939300
71682145852203000
71681742775398400
71681731169759200
69353316571820000
71317903135346600
71369042962817000
71308086253596600
71636604489433000
70493306915782600
70236091315261400
70893635616518100
71311699168337900
71316047243907000
71683189327921100
71681612324143100
69134774228357100
69139511900246000
69146921595441100
69143746004000700
69195363432660900
69191578220101600
69124844557578200
69195146767511500
69455846739943400
69144000321425400
69145276329373600
69196370808012800
69334635557027800
69462272182980600
69470836008030200
69149367545757600
69162821002346400
69130087462739900
69162978892713900
69144990751789000
69401160393560000
69203886338093000
69426456815616000
69128266769907700
70544140450009000
70556486576783300
70423890094075900
70531802627964900
70496861621989300
70446111659261900
70221469946347500
70222561098743800
70222639523835900
70225536626073600
70217943862083500
70216522487959500
70216639009927100
70510001604665300
70463890907074500
70220085079449600
70537333350473700
70223324579495900
70223548374990800
70556236269101000
70236222877995000
70411640511795200
70221622790987700
70421326631927800
70227902230302700
70444111144030200
70217300682350500
70225929493942200
70270000308568000
70215803076743100
70206122761519100
70391579617140700
70223046375505900
70220902645776300
70221841993711600
70242768873725900
70271533175668700
70422075382317000
70404605288263600
70280432712822700
70496239111766000
70539796061229000
70461572639768500
70245273057759200
70421451035000800
70544421598404600
70238040907448300
70227345918795700
70464278125219800
70419113528393700
70902204126605300
70893395903651800
70601086792245200
70647304562032600
70835239307579300
70577809306824700
70584741170122700
70585439010033600
70579417155518400
70582300378804200
70595480668749800
70600471299104700
70627594189545400
70815965012692900
70839111610671100
70589848582488000
70583112010186700
70599537919655900
70605721284251600
70631057896124400
70864547849830400
70589339087814600
70826065005772800
70892469537083300
70634544948183000
70840512856326100
70584726045466600
70872270050041800
70625139150163900
70910518617055200
70842596825645000
70902515964706800
71375028435951600
71332150590455800
71325240503963600
71362438741766100
71365800941977600
71345551966339000
71313021976322000
71306650979540900
71304569866555300
71528175020158900
71299171444981700
71531210203070400
71346817274613700
71306494582333400
71310137138225100
71367261012762600
71347112310341600
71603080558411700
71478022343110600
71336659706314700
71311042810097600
71574582460563400
71299029950144500
71334123544903600
71357235795734500
71529487254290400
71502088676458500
71942243983953900
71999756288790500
71898774812901300
71946094334054400
71660659326197700
71956532518060000
71918885519101900
71964474730491900
71992970638917600
71899249138348000
71914669048213500
71928498779996100
72004531306762200
72004476814368700
71910810963816400
72008718665007100
71915506453577700
71683265077059500
71683209028579300
71683058683744200
71683056129417200
71682400681332700
71681670322987000
71681552563699700
71681538210799600
66630919066370000
66631199782748100
66651422518812600
66821924768067500
66629145035161600
68253302130872300
66648679842451400
66648342054187000
66614502032015300
68404671768829900
66613575623524300
68248730113032100
66600652960309200
66597694327627700
66595877921361900
66595106655961000
66592936950898600
66587323780968400
66586718228324300
66581402350649300
67999087290626000
67747663038267300
67904590187732900
67711955154120700
67737929841262500
67904955784237000
67904022358671300
67887564329205700
67904285844840400
67982653902684100
67983966820511700
67702951535325100
67751083195379700
67848859522568100
67849681966870500
67836604470935500
67897653379350500
67944046999506900
67932956794167200
68026839662198700
67721649574789100
67702681044652000
67712298457899000
68420206472593400
68411273238417400
68406513668071400
67729233472000000
69344964622028800
67723321130754000
67725360535584700
68791649286885300
67704306412953600
67731511645974500
68819427386339300
67979429871235000
67845786435731400
67888183790157800
67702299824357300
67708391971241900
67746718963347400
67891110713892800
67997422659440600
67944265656975300
67897316576731100
67932799495176100
67704747683102700
69328627363352500
67888690998935500
67746876086169600
67922079948881900
67979363949363200
67744843937492900
67920452965777400
68324987655823300
68066856086405100
66807326396522400
66633673990078400
66619905461592000
66650379064049600
66888662536818600
66810840703180800
66891383583158200
66884440609144800
66615161988980700
66610255005618100
68650520830672800
66603941860872100
66597175152484300
66592856227323900
66590285425147900
66590050439278500
66588293516636100
66586229700960200
66578793858482100
67704835906076600
67971997635837900
67917408257589200
67905471146770400
67874519141982200
67704744310878200
67706937109782500
67861460793044900
68011802600017900
68005905299537900
67742511329853400
67922791617400800
68021756278996900
67883894803922900
67918303305281500
67744071585763300
68011216366354400
67704447177981900
67703511328100300
67782574960951200
68007739007315900
69223174813908900
67705554889482200
67724842824249300
67711925861089200
67704582255554500
67898105957318600
67786670119976900
67992952068243400
67996258610053100
67926240526471100
67741672716513200
67701817756237800
67749211101331400
67976772439908300
67892129778769900
67714839602139100
67898173120724900
67970178721382400
67964612909342700
68004095553839100
67705846964035500
67988687182512100
67732779202379700
67956102721060800
67730951052066800
67710411780263900
67715810084388800
67933436253442000
67704608658690000
67953640354217900
67743708409368500
67704698295156700
67749452261228500
67880645627613100
67907368951889900
67708949322924000
67986688995106800
67928703912513500
67915535794442200
67731128404029400
67957771689132000
67739445373313000
67727324791062500
67845317537697700
67734651443224500
67743908586729400
67711932022538200
67706820260663200
67710456558665700
67861622806413300
67879519020793800
67948937797046200
67705005926387700
67714459627556800
67705879058841600
67702014792040400
67718031505244100
67929020217569200
68020235952861100
68362887239970800
68380155034353600
68250445667241900
68304163360096200
68379247944806400
66608090581172200
66593603312553900
66593415101554600
66591610011533300
67712777153822700
68265057787711400
68279421542473700
68412076556697600
68667315843121100
69037300373389300
68364540009644000
68329670344589300
68060417192235000
68063061738655700
68314629813702600
68060276280401900
68097832137146300
68224886245572600
68357439803764700
68344082635821000
68231937826885600
68441424978382800
68312993473118200
68064565505699800
69161890697326500
68347160575475700
68377526136864700
68320422474678200
68367448390385600
68328520836857800
68332298851991500
68259416192974800
68255772420743100
68090334290259900
68355521379438500
68265876981424100
68378828090781600
68060039126056900
68386720269336500
68260632398544800
68093167269969900
68384948708589500
68070002238046200
68125267213819900
68100217542684600
68038630215659500
68035813648252900
68064039330267100
68081476016676800
68073647063040000
68383557474721700
68354137745661900
68329647011659700
68079572293398500
68284333617717200
68290431569498100
68259602323611600
68103463489388500
68239656176721900
68056221390864300
68273985586073600
68313716986359800
68091760433307600
68251173425123300
68114392641847200
68065023502721000
68381264515842000
68328532002095100
68329166004682700
68259800542220200
68259308508413900
68315022522195900
68087196636282800
68378529728958400
68053962917556200
68061218178482100
68060769857712100
68366077394030500
68101309068357600
68378072956665800
68266712096714700
68365965343207400
68379693157597100
68054891263836100
68234804621090800
68225347090518000
68769368946905000
68377892777771000
68436457127292900
68371954998054900
68331760420798400
68060265169694700
68104860897251300
68054582189764600
68260350344175600
68239318715600800
68383685707186100
68976330745724900
68421164518744000
68424171780190200
68420459275878400
68406455165919200
68051837584031700
68408903876087800
68409630577008600
68768652991791100
68408651123138500
68411371456442300
68406232993628100
68768886245441500
68775698952761300
68405971743027200
68415635536883700
68413934322991100
68776499070775200
68583581034881000
67998068288659400
68404319644418000
68829426342825900
69078615895195600
69088181584269300
68433816976498600
67965381419081700
68404449281978300
68409450981109700
68411801448091600
68412087264739300
68975575175409600
67691934210195400
68619018801659900
69102767448395700
69076981915992000
68779222046482400
68404792803860400
68412193477103600
68647167832756200
68404376540168100
68406824658931700
68769208158265300
69003038316167100
68417148858531800
68787116766793700
69112021962063800
68406407623479200
68403533581524900
68780775931256800
68410309324443600
69038962840322000
68768747896311800
68780426428297200
69055268771737600
68439619145973700
68800947714916300
68780787624976300
68620321472790500
68770146096918500
67687225516752800
67968332283920300
67962087636336600
68453030646923200
68681323606327200
68427032220012500
68772442834866100
68412950297329600
68771673222037500
68423107781734400
68400500688691200
67880605605568500
68437552767582200
68791628218908600
68258333173350400
68416081055854500
68410343692578800
69089961483313100
68418320751276000
68658349285183400
68769155603644400
68405378035089400
68777460384280500
68416069911588800
68404841197748200
68390526688313300
68805165859356600
68776016721612800
68746554915291100
68770457377181600
68093507683885000
68966235504771000
68407243325972400
68735366865240000
68418880808296400
69036597806514100
69049565688508400
68675612507770800
68632915881369600
68772466595610600
68406127406223300
68769486941073400
68413500715843500
68402033157349300
68415012263297000
68409097799745500
68417632906391500
68774777560637400
68442821769707500
68950871270109100
68418976824311800
68408089379995600
68775938925674400
68419741672419300
68404302129008600
68028744945766400
68673932781297600
68977062643380200
68758987050463200
68460900876689400
68252622171287500
68742893820588000
68371266159128500
68776026053951400
69025369310773200
68406500456022000
67754349555757000
68722696107720700
68325015564722100
68780506740822000
68445071414001600
68667796636172200
68738774485577700
68433042645073900
68770660851253200
68404138588901300
68503992455532500
68432205021577200
68402190271787000
68408090717995000
68757685587292100
68409615485911000
68774912105525200
68405443801776100
68447445952110500
69113472742465500
68412278558572500
68097832137146300
68408258846666700
68777524708114400
68712801685876700
68417972338823100
68060417192235000
68406608891355100
68767806551891900
68411273137750000
68403453231251400
68775481243217900
69064112688201700
68409808180625400
68998736881258400
68790111474696100
68414211490975700
68405134811611100
68787254868447200
69066723076210600
68770811229634500
68407146462711800
68775094591299500
68979400892362700
68979625958707200
68402703503601600
68826495182848000
68823080306360300
68773712064806900
69086344437174200
68794513241546700
68942025558474700
68409128019697600
68403747163865000
69014896372752300
68769307584249800
68407136253775800
68408770966986700
68768473345560500
68410511175319500
68416472250187700
68768876283965400
68364540009644000
68410568259805100
68768489116147700
68770522594422700
68413373032824800
68410299639803900
68768591180337100
68413612926058400
68771549980803000
68770533306662900
68408751337639900
68406525298876400
68771137441632200
69026458949005300
68405294740422600
68404200639434700
68405040733356000
68773596817932200
68774473125470200
68789237553700900
68406111774064600
68994221780115400
68412500273672100
68838286604513200
68778827505074100
69011904294686700
68807130622332900
68885021242556400
68787906545848300
69062441350344700
68402012013867000
68786552381259700
68772745562963900
68792259499405300
68776049592385500
68760740894486500
68762943084433400
68770710054641600
68044534306717600
68775053231259600
68769660211961800
68835365137563600
69017456932421600
68413538284208100
68817819726389200
68774439550074800
69087628510769100
69061894765424600
68941070607728600
69060680795435000
68405944165466100
68757788460986300
68982022755983300
68961720865005500
68404540143181800
68778655073050600
69076111509819300
68051556452405200
68791452582424500
68401219940528100
68406703045087200
68778594255650800
69203904629440500
68402649493536700
68816750447296500
69011484050595800
68986053905752000
68775083333787600
68410331499724800
68795409929211900
68795763890728900
68408172460781500
69071330187808700
68427184758468600
69353074665328600
68792239043780600
67686836117577700
68768068926586800
68606178137092000
68780657496702900
68780355276115900
69008462432051200
69005244620738500
68039735754493900
69018256647790500
69008273369595900
68481142008975300
68726362856370100
68422565726666700
68814763693584300
68260817711284200
68792632045875200
68833126360686500
69016148628344800
68759568926257100
68758430764122100
69061366610268100
69065696574844900
69090854840709100
68441998922752000
68759690347151300
68408022266941400
68066856086405100
68715073958461400
68847581526110200
69180878185697200
69072427975573500
68764280220155900
69098821426229200
68947599658467300
69152592458031100
69154981269344200
68379450311577600
68783721377038300
69126995145007100
69223391122554800
68402904767266800
68404233598279600
68422370376941500
69338345712533500
69145242200317900
69165290247815100
69167217715064800
69149092969852900
69150540684201900
69150243551326200
68265613377806300
69391973450137600
66933001262600100
69160653939683300
69362322119987200
69142644529446900
66933001262600100
69151279288553400
69150439693746100
69475092593254400
69186433881088000
69138144301289400
69194598131568600
69174372685975500
69195768212365300
66837998171459500
69117821581398000
69171705913946100
68407363249512400
69137803933532100
69134948182921200
69135949287784400
69140496609574900
69137816814231500
69180173991419900
